ip: 172.168.0.2
relative_dynamics_factor: 0.2
targets:
  - joints: [0.0, -0.31, 0.0, -1.53, 0.0, 1.522, 0.785]
  - translation: [0.46, 0, 0.694098]
    quaternion: [1, 0, 0, 0]
  - translation: [0.5, 0.0, 0.6]
    quaternion: [1, 0, 0, 0]
  - translation: [0.3, -0.1, 0.6]
    quaternion: [-0.7071, 0.40825, 0.40825, 0.40825]
  - translation: [0.4, 0.0, 0.6]
    quaternion: [1, 0, 0, 0]
  - translation: [0.3, 0.1, 0.6]
    quaternion: [0.7071, 0.40825, 0.40825, 0.40825]
